id,Status_C,Status_CL,Status_D
7905,0.713293315765563,0.04603319072804518,0.24067349350639175
7906,0.7718629078835592,0.07191737881597858,0.15621971330046222
7907,0.14060704229100618,0.01160230658618426,0.8477906511228096
7908,0.9413586602570452,0.006395481622980786,0.05224585811997404
7909,0.7657506872706269,0.06306118470070611,0.17118812802866706
7910,0.973619571867309,0.0036228046531701203,0.022757623479520893
7911,0.9574975904696383,0.006428225347422468,0.03607418418293925
7912,0.25940607393145493,0.009389068415700839,0.7312048576528443
7913,0.027558557446134124,0.003637530485583752,0.9688039120682822
7914,0.6135058269582042,0.016941352907947644,0.36955282013384816
7915,0.6088754315600382,0.021510261276926446,0.3696143071630354
7916,0.7169974882184404,0.00483659306192754,0.27816591871963203
7917,0.4456038965217651,0.13311570071195764,0.42128040276627726
7918,0.8614000512567362,0.008700534512285515,0.1298994142309783
7919,0.6104798606030539,0.0806260289045,0.3088941104924462
7920,0.9404289950220359,0.005282142498981017,0.05428886247898296
7921,0.9012844617276804,0.007978241464642705,0.09073729680767706
7922,0.039219277903122386,0.024950069893332382,0.9358306522035452
7923,0.8839120292806776,0.004018462584571121,0.11206950813475124
7924,0.6546187087125278,0.05072023501780069,0.2946610562696715
7925,0.042613097990219055,0.0036080840642558005,0.9537788179455251
7926,0.6028110389116872,0.007176501987498962,0.3900124591008139
7927,0.7893253709392496,0.052993938645546045,0.15768069041520433
7928,0.1271304947049547,0.01477310083557869,0.8580964044594667
7929,0.9004746620857611,0.011099203827123047,0.08842613408711597
7930,0.4314285880498498,0.133075900865995,0.4354955110841551
7931,0.8870661976605698,0.004680153487005867,0.10825364885242433
7932,0.14763741464484656,0.03436266467106964,0.8179999206840838
7933,0.4934629126562208,0.01829388851999495,0.48824319882378414
7934,0.9585110448666817,0.004514477304282062,0.03697447782903618
7935,0.9265685340776441,0.0063459387996222015,0.06708552712273384
7936,0.8953675515249586,0.050394335932412014,0.054238112542629245
7937,0.3030149376317632,0.023556760818531985,0.6734283015497048
7938,0.9649599316215575,0.0050520193150467765,0.02998804906339587
7939,0.41350310854441474,0.0379964233903183,0.548500468065267
7940,0.6627992426626057,0.22209724218971102,0.1151035151476833
7941,0.16982122259822974,0.04705855940716469,0.7831202179946056
7942,0.9197387447678487,0.006846460266546604,0.07341479496560471
7943,0.08325337591460201,0.04122451540242038,0.8755221086829775
7944,0.9674797568341305,0.0034908182268063993,0.029029424939063294
7945,0.9241741489888345,0.0062412200226817025,0.06958463098848386
7946,0.8916086657948875,0.010736558068036202,0.09765477613707627
7947,0.7560244667945437,0.004398916244875314,0.23957661696058102
7948,0.12521333831355574,0.05975350349792542,0.8150331581885188
7949,0.18891859771056882,0.1392353269211337,0.6718460753682974
7950,0.9153310300327083,0.006922322296523789,0.07774664767076786
7951,0.5505424493190462,0.06803192833678785,0.38142562234416605
7952,0.17079936187875802,0.07163535329594065,0.7575652848253013
7953,0.028543304654886026,0.006109981237217361,0.9653467141078966
7954,0.8433625306206096,0.006375295240499165,0.1502621741388911
7955,0.1886078111399252,0.0088765041856207,0.8025156846744541
7956,0.07141743773928251,0.03409646598679146,0.8944860962739261
7957,0.8768828086517657,0.00886961631273846,0.11424757503549576
7958,0.0748581150799515,0.00717273627937206,0.9179691486406764
7959,0.7708054700441628,0.022951836005835915,0.2062426939500013
7960,0.12815979390205287,0.017603386145005187,0.854236819952942
7961,0.9383576178491724,0.010271149986623488,0.05137123216420413
7962,0.2865666937172461,0.005264446419285341,0.7081688598634687
7963,0.11726580461335168,0.05233395541773591,0.8304002399689123
7964,0.03961478199611825,0.009443990470534163,0.9509412275333475
7965,0.9557244106638288,0.006551381660434583,0.037724207675736525
7966,0.3945752931760274,0.022276949227214304,0.5831477575967584
7967,0.9193710666739018,0.02824505614996474,0.052383877176133596
7968,0.9210621817437292,0.00334235887694391,0.07559545937932687
7969,0.331884175333587,0.01918488397651819,0.6489309406898949
7970,0.8909324287532876,0.0033141630575172164,0.1057534081891953
7971,0.9468938064992816,0.004790667850010401,0.04831552565070803
7972,0.427612887868355,0.15769578026774606,0.41469133186389895
7973,0.9485083826538201,0.006635722178356659,0.044855895167823324
7974,0.6360964375291783,0.03441009704673049,0.32949346542409114
7975,0.8910700997552412,0.008912359724130748,0.10001754052062806
7976,0.7537568410927001,0.011808916882681377,0.2344342420246185
7977,0.9468841938141872,0.012504427097263977,0.04061137908854883
7978,0.08883683654675019,0.008746204085192093,0.9024169593680577
7979,0.3182997239992658,0.05797598251514345,0.6237242934855908
7980,0.8989037875870562,0.006324316095809682,0.09477189631713415
7981,0.7977120845174107,0.021050645849491293,0.1812372696330979
7982,0.8717357572773307,0.010994425279493408,0.11726981744317583
7983,0.9184139309690059,0.009032707549344885,0.07255336148164927
7984,0.36556697945435823,0.030720175531032654,0.6037128450146091
7985,0.2922287651946293,0.024462460680619667,0.6833087741247511
7986,0.18113400677367172,0.1940022626413341,0.6248637305849942
7987,0.6544044497715138,0.014694990907757832,0.3309005593207283
7988,0.7069917036484391,0.017139985493898523,0.2758683108576624
7989,0.9169758141771618,0.006682192379170816,0.07634199344366734
7990,0.1627734005309837,0.005612183451666116,0.8316144160173502
7991,0.10742751905905673,0.020504712612244402,0.8720677683286989
7992,0.9483109853044421,0.007887160519629094,0.04380185417592884
7993,0.7584940320421241,0.011290519498246361,0.23021544845962963
7994,0.9387614278149307,0.005664798404270927,0.05557377378079846
7995,0.91760858044411,0.014023286517107145,0.06836813303878296
7996,0.094288937485627,0.04120841882453167,0.8645026436898413
7997,0.898985991699571,0.02310045563232976,0.07791355266809923
7998,0.023441056398630027,0.002522114184564533,0.9740368294168055
7999,0.01849328518512901,0.00515247326240371,0.9763542415524673
8000,0.8955994386575439,0.023994470853345367,0.08040609048911068
8001,0.8450478835855589,0.016353855235001814,0.13859826117943927
8002,0.8142243496739173,0.04022466638707448,0.14555098393900823
8003,0.7770277540839007,0.12233356849487392,0.10063867742122544
8004,0.5573389626724249,0.03050511200027121,0.41215592532730383
8005,0.7577357719049068,0.012585507056642018,0.22967872103845113
8006,0.7630671639243077,0.03988812695683435,0.19704470911885796
8007,0.8183356467680459,0.007474918473874981,0.174189434758079
8008,0.9542928497448626,0.008759935198145155,0.036947215056992284
8009,0.7156354601504444,0.015571286489532987,0.2687932533600226
8010,0.930185695011765,0.02816150414076301,0.041652800847471985
8011,0.8866063542281277,0.006809040444147362,0.10658460532772494
8012,0.8461214599320229,0.007454741789529017,0.1464237982784481
8013,0.2065132445944495,0.03224364989695215,0.7612431055085983
8014,0.9046363121523617,0.014767930943868938,0.08059575690376927
8015,0.9557690880012207,0.0044550207092935,0.03977589128948582
8016,0.9707384339235482,0.004734108704078151,0.02452745737237353
8017,0.5362852000619136,0.0059800294535250036,0.45773477048456135
8018,0.595760744123365,0.029683219793751568,0.3745560360828835
8019,0.956103749309874,0.00948029355744907,0.03441595713267685
8020,0.7719004603514474,0.02808839416709859,0.20001114548145393
8021,0.025028603479394316,0.30811792424856466,0.666853472272041
8022,0.2513098077998965,0.027273042466480518,0.721417149733623
8023,0.688298063847382,0.06970442664441173,0.24199750950820634
8024,0.8779384470253804,0.004585065443166962,0.11747648753145276
8025,0.2815816125403937,0.008497801902354479,0.7099205855572517
8026,0.9286025898775536,0.007515050065657408,0.063882360056789
8027,0.9464600226808255,0.016898207699132594,0.036641769620041856
8028,0.09352310482043494,0.025085158409551646,0.8813917367700134
8029,0.2612667858658032,0.036783634692304175,0.7019495794418925
8030,0.9614865570658434,0.006754774458052654,0.03175866847610387
8031,0.8647135937043074,0.035039190812452256,0.10024721548324038
8032,0.8878050877994117,0.003981135545079553,0.10821377665550871
8033,0.3164476266541635,0.03112736900517209,0.6524250043406644
8034,0.38299970059405697,0.01694931170098545,0.6000509877049576
8035,0.9476949328249935,0.005931469101170631,0.04637359807383578
8036,0.6122647823555072,0.3666398087654515,0.021095408879041187
8037,0.1918941555357679,0.022690459331915037,0.7854153851323171
8038,0.7694600962665978,0.035976630858297484,0.1945632728751046
8039,0.051270738125238066,0.03773296677048055,0.9109962951042815
8040,0.46577545365788425,0.017290124633498903,0.5169344217086169
8041,0.17929603437188396,0.010439561592328407,0.8102644040357876
8042,0.16706803437573667,0.012013283630289933,0.8209186819939736
8043,0.900851071945421,0.004567832655211489,0.09458109539936757
8044,0.08955548237560881,0.0026300668178723383,0.9078144508065188
8045,0.37215264298234657,0.06388656872672872,0.5639607882909247
8046,0.8154612811675949,0.004613815531387424,0.17992490330101768
8047,0.8870125997862047,0.004932612032809285,0.10805478818098596
8048,0.9112682032490019,0.010345431231200184,0.07838636551979791
8049,0.8393674477795674,0.04175828909445585,0.11887426312597678
8050,0.3575715663833986,0.023598291708305696,0.6188301419082958
8051,0.22506966415330457,0.014255390469458668,0.7606749453772369
8052,0.9683175273692142,0.005523492840690408,0.02615897979009542
8053,0.16319424841022473,0.017916053277130826,0.8188896983126445
8054,0.8701333052494835,0.006898702660715809,0.12296799208980061
8055,0.31010338571814994,0.10504584274474338,0.5848507715371067
8056,0.924216240451065,0.015330327216777436,0.060453432332157636
8057,0.8780144369931315,0.003912684248521354,0.11807287875834717
8058,0.8362709341713578,0.02886733416495397,0.13486173166368814
8059,0.9077576985545226,0.008325330892359713,0.0839169705531176
8060,0.2995112751561567,0.11833557329011062,0.5821531515537326
8061,0.1284328512385647,0.052480198179762655,0.8190869505816726
8062,0.08448532418572771,0.01665132862911424,0.898863347185158
8063,0.9572198663626266,0.010629558921215556,0.032150574716158016
8064,0.07086088333811794,0.036505179553662545,0.8926339371082195
8065,0.9067904143756946,0.03136022169133288,0.061849363932972454
8066,0.9484881141883785,0.017683162119786443,0.03382872369183499
8067,0.1084529758145315,0.01906434326308719,0.8724826809223813
8068,0.845152596436483,0.016808654956114878,0.13803874860740215
8069,0.8328725262679133,0.016372565457125968,0.15075490827496066
8070,0.9492932373244368,0.005557812213368416,0.04514895046219476
8071,0.9315700672503845,0.008500005747785491,0.059929927001830044
8072,0.9437891526589797,0.010369218039075414,0.045841629301944894
8073,0.9478813290066204,0.004848827060567321,0.04726984393281228
8074,0.7683832994104722,0.009354235717485946,0.22226246487204182
8075,0.8742151784330932,0.021860985334513142,0.10392383623239378
8076,0.9307796742036545,0.01052047934162556,0.058699846454719984
8077,0.19752725769921795,0.05748948373511593,0.7449832585656662
8078,0.1589210655795443,0.026712209431432234,0.8143667249890235
8079,0.9424312511693863,0.004848841278704372,0.0527199075519093
8080,0.9300030146562955,0.007559615924850438,0.062437369418853896
8081,0.9213350556747675,0.007062484912607101,0.07160245941262543
8082,0.8064376834357293,0.015507534207913936,0.1780547823563568
8083,0.3499937665112265,0.031144179667567426,0.6188620538212061
8084,0.14377413471019976,0.012942450430363586,0.8432834148594366
8085,0.9567089571143207,0.012840695338916169,0.030450347546763193
8086,0.00742182712465062,0.0019694158138090587,0.9906087570615404
8087,0.8179622859243203,0.036757173787841414,0.14528054028783824
8088,0.38574349345195447,0.010196288180840871,0.6040602183672047
8089,0.3909082755225947,0.015296591014631395,0.5937951334627738
8090,0.046851431322542735,0.024606745280021717,0.9285418233974355
8091,0.9430714635532315,0.005488435505608232,0.05144010094116018
8092,0.04072178736005787,0.01123717008090637,0.9480410425590358
8093,0.8971370818345786,0.026591661043812775,0.07627125712160865
8094,0.4336274621054823,0.030783605903145224,0.5355889319913724
8095,0.7034752344825151,0.12757486985931316,0.16894989565817176
8096,0.3655848196590146,0.0162664860459014,0.618148694295084
8097,0.1499609887169834,0.04132366655908201,0.8087153447239346
8098,0.910445101729509,0.01453037332807195,0.07502452494241908
8099,0.7560378094261707,0.008121758761911905,0.23584043181191733
8100,0.1517105241570179,0.011377274272263198,0.836912201570719
8101,0.47702566938694374,0.03854084043199444,0.48443349018106174
8102,0.6654967751193692,0.05634706754795621,0.2781561573326746
8103,0.3426165461095938,0.09799062697581154,0.5593928269145946
8104,0.5611000744863051,0.07783931530671087,0.36106061020698416
8105,0.06975951712584472,0.0036932650514300684,0.9265472178227252
8106,0.9541831850804248,0.0034047048487845575,0.04241211007079057
8107,0.040874068370973,0.023444044666683043,0.9356818869623439
8108,0.9478458787273858,0.00849147863954962,0.04366264263306459
8109,0.8096915356130617,0.0046357066639748905,0.18567275772296338
8110,0.954706225030882,0.018128403484599515,0.027165371484518596
8111,0.6916496688291149,0.06552339057958813,0.2428269405912969
8112,0.695092741536639,0.015108680058454128,0.28979857840490686
8113,0.037661225150912366,0.021051410958167798,0.9412873638909198
8114,0.16179309259135727,0.05391865040982209,0.7842882569988207
8115,0.9316731933474129,0.006891443529403568,0.06143536312318347
8116,0.8054979387193655,0.027506356583024447,0.16699570469761008
8117,0.07702702974770413,0.018180407819042392,0.9047925624332535
8118,0.6699548264206863,0.12404933349151824,0.2059958400877955
8119,0.5645040902937479,0.05101183870084568,0.38448407100540644
8120,0.93920881383683,0.018889534233531922,0.04190165192963821
8121,0.3526863345554478,0.03848881056598359,0.6088248548785686
8122,0.9646575721994414,0.0063090481454893795,0.02903337965506936
8123,0.9691235298800283,0.003134463457405163,0.027742006662566647
8124,0.27599126785082,0.0801776900368897,0.6438310421122904
8125,0.7997743416787011,0.007832114937668763,0.19239354338363024
8126,0.7657594260203193,0.01586653924446079,0.21837403473521994
8127,0.21452184928604534,0.020780154896943414,0.7646979958170111
8128,0.3790099615182749,0.031236119606408708,0.5897539188753164
8129,0.941544092151376,0.02367182191406397,0.03478408593456011
8130,0.4700791174437401,0.02747290714184702,0.502447975414413
8131,0.07329053375396212,0.03191765971146116,0.8947918065345767
8132,0.6974156701713872,0.07396612895443741,0.2286182008741754
8133,0.903699790893132,0.024646431729128795,0.07165377737773913
8134,0.6315612224076022,0.05069677986733207,0.3177419977250657
8135,0.05521011323210819,0.011570870427875447,0.9332190163400165
8136,0.06486902506729891,0.007532420271297644,0.9275985546614034
8137,0.3726034963405143,0.01615620179117697,0.6112403018683087
8138,0.25091063067928004,0.01894214713165551,0.7301472221890645
8139,0.09459030165439553,0.011361298800251166,0.8940483995453534
8140,0.8381077758132246,0.00916469135756168,0.15272753282921375
8141,0.9517086258132869,0.004234831905351708,0.04405654228136146
8142,0.7205094709725967,0.2544272883012814,0.025063240726121885
8143,0.95154697072594,0.015970078461378417,0.032482950812681544
8144,0.4771263170451354,0.07577186018865723,0.44710182276620736
8145,0.8375169601580267,0.007356760211519593,0.15512627963045375
8146,0.8826882387377318,0.015357983340240286,0.10195377792202781
8147,0.4542278546250626,0.023216817758228054,0.5225553276167092
8148,0.8748246033723603,0.007509315252263066,0.1176660813753767
8149,0.9246308707521629,0.009892573267116372,0.06547655598072084
8150,0.9368509869722379,0.013159208088105166,0.0499898049396569
8151,0.12767983121029045,0.044689822147793365,0.8276303466419163
8152,0.9412292083041479,0.007363659130189711,0.05140713256566242
8153,0.9069857521108378,0.008560491300541834,0.0844537565886204
8154,0.9060616552128448,0.016126827198408644,0.07781151758874662
8155,0.10587462070293921,0.01393743324468668,0.880187946052374
8156,0.9627112751537852,0.011376932780667717,0.02591179206554705
8157,0.7956875229617342,0.00868786068879858,0.1956246163494673
8158,0.9433521725844598,0.02051695522037907,0.036130872195161125
8159,0.21074993406804032,0.05184062667720611,0.7374094392547536
8160,0.6486448526234024,0.028292050074683463,0.323063097301914
8161,0.8655551957554165,0.027074580705605183,0.10737022353897817
8162,0.20048596369827276,0.37207948358550397,0.42743455271622316
8163,0.4214417202217605,0.022431477579092172,0.5561268021991473
8164,0.7497803544922396,0.16422904867581983,0.08599059683194059
8165,0.17028230670238362,0.0026995969055479065,0.8270180963920685
8166,0.5073800965643507,0.011059630877551487,0.48156027255809797
8167,0.40739731080532837,0.03592544781458968,0.5566772413800819
8168,0.7626872850352557,0.01497015193052194,0.2223425630342224
8169,0.7926148597555133,0.009588756022681853,0.19779638422180484
8170,0.7397221722868341,0.03849521447158659,0.22178261324157938
8171,0.028952445542341367,0.012024416324287171,0.9590231381333716
8172,0.14877576059708775,0.04791457167501561,0.8033096677278967
8173,0.7811431414001878,0.004909805617778501,0.2139470529820336
8174,0.9558691750669105,0.0060421791634592895,0.03808864576963016
8175,0.9397770794792665,0.010389433061039254,0.04983348745969418
8176,0.626776994522788,0.00543994578775053,0.3677830596894615
8177,0.13031983432671618,0.013984535884380223,0.8556956297889037
8178,0.5371722725532989,0.09299420111778309,0.36983352632891786
8179,0.44945815448800713,0.0132241162586701,0.5373177292533228
8180,0.6932862181018157,0.1117264912843875,0.19498729061379685
8181,0.09703485597348946,0.02876039447906009,0.8742047495474504
8182,0.9652739648400709,0.004621215343416103,0.03010481981651308
8183,0.40176831189254264,0.01826765704878399,0.5799640310586733
8184,0.8556947586811595,0.02026263553607345,0.12404260578276706
8185,0.9734911331556639,0.006570938811003204,0.01993792803333269
8186,0.8361388781486164,0.025359126959295333,0.13850199489208834
8187,0.34755839955481843,0.04789237081133439,0.6045492296338473
8188,0.8965511562675473,0.004679389975862294,0.09876945375659034
8189,0.3341686074558453,0.05379899713431003,0.6120323954098447
8190,0.28229393923273005,0.477109276353879,0.2405967844133909
8191,0.9069754945355752,0.008048706662553116,0.08497579880187162
8192,0.9290110869378989,0.008479330589057914,0.06250958247304313
8193,0.9077054285438997,0.0035783825383507114,0.08871618891774957
8194,0.8698133287645811,0.07430440801050005,0.055882263224918925
8195,0.8564786253095124,0.004379510355451698,0.139141864335036
8196,0.876749890737291,0.0044078913758750496,0.11884221788683384
8197,0.774541427351774,0.004167211199341403,0.22129136144888467
8198,0.7391460434246899,0.01885855023923517,0.24199540633607491
8199,0.9376692771183284,0.010281699420768018,0.05204902346090363
8200,0.9718609589047214,0.007728231715064153,0.020410809380214518
8201,0.08297325632338044,0.009501335961109376,0.9075254077155102
8202,0.15663423523709175,0.022746580687350162,0.8206191840755581
8203,0.8966566287527039,0.008398168854273132,0.09494520239302288
8204,0.21427386459783826,0.043281165272097556,0.7424449701300643
8205,0.9069590505799756,0.0031872977870666427,0.08985365163295778
8206,0.19163923900898758,0.012642528863366682,0.7957182321276457
8207,0.9286025898775536,0.007515050065657408,0.063882360056789
8208,0.15617840196819155,0.07174152931030782,0.7720800687215007
8209,0.23784283010152413,0.08113382640337592,0.6810233434951
8210,0.9315455312408991,0.00583184517273776,0.06262262358636311
8211,0.33025910486549315,0.04119479538923948,0.6285460997452673
8212,0.9441892992177551,0.007356221525802283,0.048454479256442695
8213,0.9439894535606825,0.013611465605938722,0.04239908083337883
8214,0.07044371135055753,0.028827983985113208,0.9007283046643293
8215,0.9101490385527848,0.05858737484454123,0.0312635866026739
8216,0.9179696768367053,0.005219902875923596,0.07681042028737113
8217,0.6573771856640084,0.1594651536717769,0.18315766066421454
8218,0.15171823379251465,0.05258056407995476,0.7957012021275306
8219,0.9331103157664421,0.02137857076591003,0.04551111346764779
8220,0.9376438387641617,0.010355997674750844,0.052000163561087394
8221,0.5367830035297952,0.006329770116001268,0.4568872263542035
8222,0.7377731619713961,0.01389468314788511,0.24833215488071889
8223,0.735281626275033,0.06833148789440743,0.19638688583055958
8224,0.5718368557007417,0.08489784681810658,0.3432652974811518
8225,0.22989069908993098,0.05304276603809898,0.7170665348719699
8226,0.05037222863712885,0.004619906967803547,0.9450078643950677
8227,0.9610956897568955,0.005009536988059076,0.03389477325504543
8228,0.8742460945597559,0.006786785170066627,0.11896712027017751
8229,0.14325908663494336,0.01112319923727417,0.8456177141277823
8230,0.7376785497881075,0.015401025724760408,0.246920424487132
8231,0.6413252545588826,0.2815508663136141,0.07712387912750332
8232,0.433143538980879,0.023717478977469942,0.5431389820416511
8233,0.1546497552628933,0.018352898910116787,0.8269973458269899
8234,0.9533609648356777,0.007136156215155766,0.03950287894916666
8235,0.49068079328817504,0.02607515961857159,0.4832440470932534
8236,0.1284039423570343,0.01669021515069762,0.8549058424922681
8237,0.8750463938385566,0.025505164372771567,0.09944844178867174
8238,0.26867966437693397,0.020678600228674182,0.7106417353943919
8239,0.1398569895787789,0.14208506008510216,0.7180579503361189
8240,0.8400937457838109,0.03270449927362427,0.12720175494256472
8241,0.05783876573578341,0.0013537337301455811,0.940807500534071
8242,0.7621022917591522,0.007132953853742019,0.23076475438710584
8243,0.5483700827519018,0.112825035030715,0.33880488221738325
8244,0.9474571300904243,0.0038404129672629035,0.04870245694231282
8245,0.9188797154392997,0.01586784199594784,0.06525244256475256
8246,0.5249145272701587,0.025068405842995942,0.4500170668868453
8247,0.9614373765017675,0.015592439994970734,0.02297018350326163
8248,0.9645165649345172,0.00543875508283247,0.030044679982650264
8249,0.8356219756048952,0.010705773548781414,0.1536722508463233
8250,0.9045273402915897,0.04681785869086084,0.04865480101754948
8251,0.7194648536754343,0.004179916102310299,0.2763552302222554
8252,0.7936584615619885,0.02975796247633956,0.176583575961672
8253,0.9028435036533211,0.005536565995893319,0.0916199303507857
8254,0.7607943339582524,0.012979777360178253,0.22622588868156931
8255,0.6898721533931558,0.02483638265357484,0.2852914639532693
8256,0.9000088489829359,0.04148492775866738,0.058506223258396835
8257,0.8535615739078893,0.06739997695213201,0.07903844913997865
8258,0.020281568663292872,0.0019050595323453728,0.9778133718043617
8259,0.12930833210578402,0.023786650425994572,0.8469050174682214
8260,0.9155432246656227,0.0083452086435408,0.0761115666908366
8261,0.8858643861421904,0.026093895734487515,0.08804171812332193
8262,0.6450784109191993,0.01812201396540244,0.3367995751153983
8263,0.8308509511937945,0.11340825787007247,0.05574079093613312
8264,0.8800952078307019,0.004233599153298811,0.11567119301599928
8265,0.7727356409421565,0.030902135494124194,0.19636222356371935
8266,0.017209449805732836,0.006114760601965721,0.9766757895923014
8267,0.914561167824191,0.008926490550924529,0.07651234162488449
8268,0.8797170629407657,0.019048394756656126,0.10123454230257833
8269,0.8981407208823061,0.007799864607470357,0.09405941451022347
8270,0.7181787543710274,0.013785949745356279,0.26803529588361624
8271,0.914381412980304,0.036575544465489856,0.04904304255420618
8272,0.9479518702059752,0.004700305583450365,0.0473478242105745
8273,0.8195796891040608,0.051564289437973976,0.12885602145796513
8274,0.7976440898942555,0.035450067941482574,0.1669058421642619
8275,0.15540134096762237,0.036574280766340436,0.8080243782660372
8276,0.22757036348526577,0.02556599204671503,0.7468636444680191
8277,0.904469628006806,0.010200880848584438,0.08532949114460951
8278,0.8514551547413781,0.017900718908584287,0.13064412635003753
8279,0.8576853683618786,0.0078738915389467,0.13444074009917484
8280,0.053120851536712026,0.018491834072722143,0.9283873143905659
8281,0.7700421885794132,0.05623895856217078,0.17371885285841598
8282,0.9514179602146108,0.014325908340706649,0.03425613144468273
8283,0.8697370633386805,0.018864709948901857,0.11139822671241761
8284,0.921944146043469,0.010265311947751132,0.06779054200877992
8285,0.11583489647976922,0.009321232886571384,0.8748438706336593
8286,0.9703792384839732,0.0056899225021587365,0.02393083901386788
8287,0.7728035087949154,0.007803620810519804,0.21939287039456465
8288,0.9590870736532752,0.0052271484711457405,0.035685777875578986
8289,0.3387531175449851,0.0589111748424627,0.6023357076125522
8290,0.24390006626095367,0.012973097972157973,0.7431268357668883
8291,0.40323762536165214,0.006506191584051444,0.5902561830542964
8292,0.7258106235221748,0.014120819326713224,0.260068557151112
8293,0.8916054667161839,0.005485154429154146,0.10290937885466202
8294,0.9419948496028924,0.005915224120354392,0.052089926276753185
8295,0.9388786317434816,0.01352101949267703,0.047600348763841185
8296,0.6005138455550244,0.012164388499886575,0.3873217659450889
8297,0.8981040944564002,0.008391383770487608,0.09350452177311222
8298,0.966920626314673,0.0077008126465099875,0.025378561038816985
8299,0.8173842992084487,0.012462708387550682,0.1701529924040007
8300,0.8245303412069387,0.008843357591682623,0.16662630120137872
8301,0.5429608924636558,0.051149969119709704,0.40588913841663454
8302,0.14574785430412848,0.032477625166370344,0.8217745205295012
8303,0.8765340519584929,0.004065032899964109,0.11940091514154313
8304,0.07589143030164548,0.06057636608617794,0.8635322036121766
8305,0.9220087375224454,0.0076582787728884175,0.07033298370466617
8306,0.8733838156272118,0.0037810208577408453,0.12283516351504724
8307,0.050503496814798224,0.0036984598656502653,0.9457980433195515
8308,0.6326245224637892,0.002662804246947423,0.36471267328926343
8309,0.1040908267057191,0.016822861363382926,0.879086311930898
8310,0.8271839073045077,0.008485397871511598,0.16433069482398063
8311,0.884194894241383,0.0034739729637388358,0.11233113279487807
8312,0.9269291588869529,0.013557100351084768,0.05951374076196241
8313,0.952132623067372,0.010052050128832044,0.037815326803796026
8314,0.9512815562847128,0.004839556917286855,0.043878886798000435
8315,0.8508799854058348,0.075000524945239,0.0741194896489263
8316,0.9376798388005498,0.014517568727852027,0.04780259247159814
8317,0.7308649314720699,0.09932402349346588,0.16981104503446434
8318,0.5682485072906938,0.08867584224677612,0.3430756504625302
8319,0.03652193582995539,0.027669432228634903,0.9358086319414097
8320,0.9027470747081603,0.008162510822814356,0.08909041446902531
8321,0.7385583248813117,0.028124029766869396,0.23331764535181895
8322,0.3408145425120256,0.08078134023987756,0.5784041172480968
8323,0.0363038810233443,0.005829519066044377,0.9578665999106113
8324,0.08996225576018106,0.03475571062276352,0.8752820336170555
8325,0.9722128275940787,0.00914605213926908,0.018641120266652184
8326,0.949407966099176,0.0063855223455121695,0.04420651155531181
8327,0.9419104179120861,0.008260732417866757,0.04982884967004728
8328,0.05479723371837523,0.002319452757385292,0.9428833135242395
8329,0.961432544933792,0.005959385930533862,0.032608069135674156
8330,0.6394068529046603,0.016806480266786102,0.34378666682855363
8331,0.9447617936918455,0.012385484660127226,0.04285272164802717
8332,0.29441684803245977,0.25374864217259485,0.4518345097949453
8333,0.8635276352451502,0.0066327789457339085,0.12983958580911587
8334,0.6675435810336183,0.0070910326686732545,0.3253653862977084
8335,0.9192713324569945,0.009371795397475905,0.0713568721455295
8336,0.28126852929633006,0.008674206785688898,0.710057263917981
8337,0.4651842968772697,0.015256648949362225,0.5195590541733681
8338,0.9355497796180346,0.013708032928604503,0.05074218745336081
8339,0.2951777241221612,0.07781846696251421,0.6270038089153246
8340,0.9294859104712109,0.008579365668359335,0.06193472386042971
8341,0.9252428066411652,0.014688672279380883,0.06006852107945388
8342,0.9631194963314159,0.00787783377163379,0.02900266989695024
8343,0.834990822884059,0.007064703110233594,0.1579444740057074
8344,0.13232320228276007,0.058208681071625495,0.8094681166456144
8345,0.9552359091090378,0.004255375623679947,0.04050871526728213
8346,0.6461641213070033,0.013312228667476781,0.3405236500255199
8347,0.28019127700504043,0.07084772896591403,0.6489609940290455
8348,0.3091590894799341,0.08101072250581137,0.6098301880142546
8349,0.9487287226933799,0.002490095437772493,0.048781181868847515
8350,0.722483309380912,0.007091360413715731,0.27042533020537246
8351,0.5881010843849449,0.007378860162021192,0.4045200554530339
8352,0.8998636513610396,0.0073052737655201275,0.09283107487344014
8353,0.03728854897249525,0.008095668318106992,0.9546157827093977
8354,0.09051140464091073,0.032437229421504093,0.8770513659375853
8355,0.965101808909296,0.005945807118191456,0.02895238397251253
8356,0.522561402035839,0.017693918170565127,0.4597446797935959
8357,0.10351029140324419,0.008599169292727936,0.887890539304028
8358,0.07093263299540237,0.06733569477941932,0.8617316722251783
8359,0.9568954102012602,0.006162996610623751,0.03694159318811601
8360,0.8361509713666839,0.007716180164279607,0.15613284846903644
8361,0.4545201486099353,0.0141215268442212,0.5313583245458434
8362,0.8667854381791743,0.026237784915543755,0.10697677690528187
8363,0.5365691255920496,0.007068077643849259,0.45636279676410124
8364,0.8953286458426467,0.03357566280347609,0.07109569135387712
8365,0.8415244637216663,0.011333343740854252,0.14714219253747943
8366,0.7125657560517554,0.004960726318070825,0.2824735176301737
8367,0.8734523503473032,0.025023570703790465,0.10152407894890637
8368,0.9255481095685997,0.01847476500955732,0.05597712542184306
8369,0.2932061732827878,0.02086508630782938,0.6859287404093828
8370,0.944054082054208,0.006115464355913131,0.04983045358987874
8371,0.836662440957067,0.009773411268252687,0.15356414777468044
8372,0.0194727748573843,0.0045968311545567485,0.9759303939880589
8373,0.07073793765080894,0.020973511856255338,0.9082885504929358
8374,0.1650314947577032,0.006283938054128418,0.8286845671881683
8375,0.960635535685983,0.009538495850261211,0.02982596846375574
8376,0.10945703600615315,0.02124326031641034,0.8692997036774365
8377,0.7069593843058235,0.09884911449216259,0.19419150120201395
8378,0.9035821392553997,0.034851316702010554,0.0615665440425897
8379,0.9367118756148579,0.014111997160290416,0.0491761272248516
8380,0.6625489340826103,0.007814594012772742,0.32963647190461703
8381,0.9015032442440983,0.06414233601088098,0.03435441974502064
8382,0.8787596215443013,0.0047522495680600236,0.11648812888763876
8383,0.8868470756657275,0.005006618336410023,0.1081463059978625
8384,0.9479201345753661,0.00505144321910456,0.0470284222055293
8385,0.11607949116177746,0.06803192625391685,0.8158885825843056
8386,0.37863133205349553,0.022473713908239136,0.5988949540382652
8387,0.9614349908148808,0.0040596848915057104,0.034505324293613464
8388,0.5584477956831065,0.009495241214067078,0.43205696310282626
8389,0.8850824230310672,0.029686943841644244,0.08523063312728854
8390,0.1797776155774277,0.006042150289561023,0.8141802341330113
8391,0.6305447941650534,0.011611124940177662,0.35784408089476893
8392,0.9067164857435771,0.025940534572236697,0.06734297968418618
8393,0.9660626943833375,0.005512458617717443,0.02842484699894505
8394,0.7180829514938927,0.08917388428638005,0.1927431642197273
8395,0.46259884412326335,0.034382803710034694,0.503018352166702
8396,0.8943907614182154,0.014043337117661517,0.09156590146412304
8397,0.9502203638712007,0.006030012407811209,0.04374962372098809
8398,0.9448892213444615,0.004482965825881318,0.050627812829657226
8399,0.8805621382851345,0.016493504125339092,0.10294435758952637
8400,0.022926389968367603,0.011079952891883862,0.9659936571397486
8401,0.39791721812562647,0.15669600812898155,0.445386773745392
8402,0.10758796906897679,0.0929934884408312,0.7994185424901921
8403,0.12327638959347632,0.07511895710379352,0.8016046533027301
8404,0.7691640679099297,0.01007920078967634,0.22075673130039386
8405,0.04260419341478942,0.00781932035427271,0.9495764862309378
8406,0.7940778495290475,0.005764443531901655,0.2001577069390509
8407,0.9455240029076988,0.006942138594304316,0.047533858497996836
8408,0.7735364696416107,0.0305398008514881,0.19592372950690104
8409,0.1314311610621578,0.009845255425900538,0.8587235835119416
8410,0.2999007887552651,0.28206143835012354,0.41803777289461136
8411,0.8337751198853691,0.004849062809541518,0.16137581730508932
8412,0.023510966810275945,0.011266894862285668,0.9652221383274385
8413,0.024435556550266694,0.014845344263558815,0.9607190991861746
8414,0.9363299649164006,0.0036715120839013867,0.05999852299969803
8415,0.9458331573216366,0.009717938594079396,0.04444890408428405
8416,0.9018705089738915,0.019828834870149813,0.07830065615595867
8417,0.3910269198759229,0.015873988918004817,0.5930990912060723
8418,0.8412812194747119,0.03684589748557272,0.12187288303971532
8419,0.13511784442245658,0.02500604652405046,0.8398761090534929
8420,0.6850922683656373,0.008825123567189142,0.3060826080671734
8421,0.07815556543404234,0.028132613746879465,0.8937118208190782
8422,0.9309042695510006,0.005853266498921952,0.06324246395007753
8423,0.9085695717708643,0.00592109053737764,0.08550933769175814
8424,0.6493552173209552,0.0633943956130187,0.287250387066026
8425,0.8283424728426227,0.01785295781770932,0.15380456933966785
8426,0.12840354136732807,0.03250063331829724,0.8390958253143747
8427,0.43504544028065417,0.039022162899260845,0.525932396820085
8428,0.9660494312205065,0.004043603291954487,0.029906965487538913
8429,0.9659759234611607,0.004708165491725977,0.02931591104711331
8430,0.9176503830556885,0.019468484701447762,0.06288113224286383
8431,0.04640442495933826,0.018659698119089,0.9349358769215728
8432,0.5354871989432776,0.057814102126085336,0.40669869893063704
8433,0.8764067176985753,0.01953532367932285,0.10405795862210183
8434,0.059260073164136146,0.05543950760392343,0.8853004192319404
8435,0.9488563317007576,0.004107868170369225,0.047035800128873116
8436,0.5830813125101024,0.046665594268471576,0.37025309322142597
8437,0.0526588033301964,0.011128949155461861,0.9362122475143417
8438,0.9572881750131533,0.014503049780609359,0.028208775206237404
8439,0.6097236696778005,0.047123092060394015,0.34315323826180544
8440,0.823640707004817,0.05083744005122608,0.1255218529439569
8441,0.4166427349126942,0.01023531166008758,0.5731219534272182
8442,0.9509766676109864,0.018386220104554662,0.030637112284458787
8443,0.9347268171347668,0.006884794760409119,0.058388388104824065
8444,0.9030149751271537,0.022611902084563804,0.07437312278828256
8445,0.9650632624093324,0.009946823710854497,0.024989913879813017
8446,0.793682126179118,0.006936099409278322,0.1993817744116036
8447,0.3208150280701668,0.05506819160923984,0.6241167803205933
8448,0.905820460489637,0.004506065609830517,0.08967347390053253
8449,0.3418671936408139,0.0844536294041479,0.5736791769550382
8450,0.7841106287117601,0.04860215129956795,0.1672872199886719
8451,0.9231348064521846,0.010035952923918571,0.06682924062389692
8452,0.962305545338782,0.006562449963490663,0.031132004697727353
8453,0.74869476994457,0.031253927548500426,0.22005130250692959
8454,0.49829205195432263,0.02151034868141669,0.4801975993642606
8455,0.11899791283517872,0.014307905702825254,0.8666941814619961
8456,0.5209559201120382,0.011912318941928597,0.4671317609460333
8457,0.9380836114986245,0.006861782842813206,0.055054605658562336
8458,0.4372912309125707,0.1460579301913636,0.4166508388960656
8459,0.9381216566620166,0.02799461732428376,0.03388372601369944
8460,0.9472234914096904,0.018438521030335442,0.03433798755997428
8461,0.18276645452034332,0.07749852829131236,0.7397350171883443
8462,0.9146388253463239,0.008788871996327791,0.07657230265734824
8463,0.41795918987219827,0.006499928850144279,0.5755408812776575
8464,0.9019112230793458,0.011594659300847538,0.08649411761980667
8465,0.3306335875254822,0.010184623723887069,0.6591817887506307
8466,0.8654809375436653,0.017442937355830784,0.11707612510050401
8467,0.9384095925617987,0.003738140587338582,0.057852266850862845
8468,0.21083237172720154,0.021497614989350097,0.7676700132834484
8469,0.5012589877614152,0.0510281080619852,0.44771290417659954
8470,0.5404051176909338,0.0328331522051817,0.42676173010388446
8471,0.906979798240632,0.00808976112766511,0.08493044063170277
8472,0.8553650790557817,0.02127978630117038,0.1233551346430479
8473,0.9500049444783882,0.017932331883912807,0.03206272363769896
8474,0.8609741104546556,0.023988381883532084,0.1150375076618124
8475,0.296322096194263,0.006599052995630129,0.697078850810107
8476,0.9259613029377118,0.006804198856017717,0.06723449820627043
8477,0.788396579654804,0.10884852582957621,0.10275489451561985
8478,0.9062325470580804,0.02216777093117231,0.07159968201074733
8479,0.94916118119963,0.0176530713856449,0.03318574741472507
8480,0.9393095138470539,0.011865531829542215,0.04882495432340399
8481,0.9660620674456747,0.008822237634864774,0.02511569491946056
8482,0.17212712116591056,0.02717127020674816,0.8007016086273413
8483,0.11691771489225394,0.015217941625064572,0.8678643434826816
8484,0.8724189210336509,0.010884731057392773,0.1166963479089562
8485,0.9649365591343902,0.005781655085347397,0.029281785780262443
8486,0.16253341452694964,0.018290201641727684,0.8191763838313227
8487,0.9045967562369059,0.008049767717612623,0.08735347604548141
8488,0.9484590194989355,0.004201690154638431,0.047339290346426054
8489,0.5176544702164929,0.05003615674785663,0.43230937303565053
8490,0.05385710848929977,0.02532454433460429,0.9208183471760959
8491,0.1038747596656852,0.007963050478937665,0.8881621898553771
8492,0.7848583416477415,0.05020697651646407,0.1649346818357944
8493,0.8273819785939275,0.015618824971056301,0.1569991964350162
8494,0.882246928977736,0.005817174932197411,0.11193589609006648
8495,0.9020678531246218,0.037180024080140116,0.06075212279523799
8496,0.9260608068765425,0.012132815677841201,0.061806377445616366
8497,0.9291051421619246,0.006845015033620773,0.06404984280445465
8498,0.15338161241734175,0.011954757887517679,0.8346636296951406
8499,0.9224498878157654,0.0066416086980758664,0.07090850348615856
8500,0.8715184894012612,0.0319165741835946,0.09656493641514416
8501,0.8631085870471208,0.008205374301058862,0.12868603865182032
8502,0.0684074488272132,0.004129805016344861,0.927462746156442
8503,0.8178840828850052,0.017029709763031385,0.16508620735196347
8504,0.1136466859884365,0.021985297558457934,0.8643680164531056
8505,0.9616928171737731,0.003728988738076724,0.034578194088150174
8506,0.9660411125146277,0.0031081450870269383,0.030850742398345364
8507,0.8568861936412854,0.004051779565286161,0.13906202679342847
8508,0.8102719182510115,0.007636953637327466,0.1820911281116611
8509,0.9500043987162747,0.01349964550622214,0.036495955777503225
8510,0.6826471108928537,0.15256976205168066,0.16478312705546566
8511,0.9171321581081057,0.025146447565463196,0.0577213943264311
8512,0.09396651121500268,0.005217485791904463,0.9008160029930928
8513,0.29076917023981014,0.11913763458185497,0.5900931951783349
8514,0.0387153362409943,0.013280024438646702,0.9480046393203589
8515,0.8659404597759609,0.005356019132902806,0.12870352109113625
8516,0.2007991020662846,0.027064039970255357,0.77213685796346
8517,0.5254182605976417,0.022232889484206795,0.45234884991815144
8518,0.4090316373685169,0.23364174000478455,0.3573266226266986
8519,0.3779100358719991,0.0377644295111194,0.5843255346168814
8520,0.950685801866253,0.017922096655953856,0.03139210147779323
8521,0.9343816941614015,0.0048523042048697436,0.06076600163372879
8522,0.7801706809433774,0.10756900856261406,0.11226031049400861
8523,0.028197034853492363,0.005397046647709982,0.9664059184987976
8524,0.9571121431955041,0.017638899392735934,0.0252489574117601
